$ANSIBLE_VAULT;1.1;AES256
66663663336664633162396430323766303834316265666630323930383338653838313135613465
3337613431353439396539356230383261363163323331300a643236343666326539366464336266
39633133383936666136366230323866373434616362326233666131303462643536373337396431
6661343033303861630a393632626334616133653431663438383835393331353932343433623237
31346464363036636632646631316566646336326465363463623232633462336632666163323735
37616136373962376566343639396563336562646138323139383165633139633536656466343133
36656562336332313664373832653037333938383262663061373832326437376561363036343336
38366265363763323936373937393163626434343336613336303830366466343736653634626537
34663037366264363437636231376163333263653661646630396264393630323964396130613433
64646336346634663365613533396130323062316663623565323331363032376234653738383332
39646661633565313334633139363439396362663433326466306164343232643965613265303737
36373533326332666265303639643634646366343930666466613132306366636136633161346362
6234
